dt = 0.2;

A = [1 0 dt 0; 
     0 1 0 dt;
     0 0 1 0;
     0 0 0 1];

C = [1 0 0 0; 
     0 1 0 0; 
     0 0 0 0; 
     0 0 0 0];
 
x0 = [0 0 3 0]';
